tmp$x	estimate_visitIdM2	estimate_visitIdM4	estimate_visitIdM6	estimate_visitIdM2:compliancehigher compliance	estimate_visitIdM4:compliancehigher compliance	estimate_visitIdM6:compliancehigher compliance	p.value_visitIdM2	p.value_visitIdM4	p.value_visitIdM6	p.value_visitIdM2:compliancehigher compliance	p.value_visitIdM4:compliancehigher compliance	p.value_visitIdM6:compliancehigher compliance	spy	spy_sig	opposite_direction
leukocytes	-0.0371520237517026	-0.0554918135159261	-0.0746323859754208	0.0179593866999057	-0.0338775271682406	-0.0336197448209178	 	 	*	 	 	 	0.0788470986758498	0	
neutrophils	0.0117931555426448	0.0175677011956808	0.0105848215170779	0.0211684924459015	-0.047572563514997	-0.0143563120411098	 	 	 	 	 	 	-0.380404392710687	1	
erythrocytes	-0.0143040423604917	-0.0436360010366849	-0.0240472785388397	0.0226819593921709	0.0175537737315503	-0.00800082835217649	*	***	**	 	 	 	-0.0387420980937045	0	
haemoglobin	-0.0141288249349059	-0.0305341065089879	-0.0160941232372008	0.0233243572523312	0.0157249764117117	-0.0137804548529717	 	***	 	 	 	 	0.101867850991169	0	
haematocrit	-0.0162005249748188	-0.0399597468513012	-0.00872562521897	0.0108364697104234	0.00535441176627031	-0.0209666152488078	*	***	 	 	 	 	0.0879341752747281	0	
MCH	0.000878066707646208	0.0146932496723555	0.0151558053097805	-0.00134448015798654	-0.00460400927991596	-0.00655077267953236	 	**	**	 	 	 	0.239088494188048	0	
MCHC	0.00451372933390274	0.00966266750834066	-0.00885859971545424	0.0125607711899588	0.0159247818744434	0.00662530359236815	 	 	 	 	 	 	0.0838741823883157	0	
MCV	-0.00316136258822876	0.00365863800925371	0.014180841298817	-0.0112987157135188	-0.0157851694674879	-0.0139499389440758	 	 	**	 	 	 	0.240746431528828	0	
red cell distribution	-0.0119820989854478	-0.0130317967973521	-0.0167856401511461	0.00315099626543955	0.00496364499705671	-0.0121488372263396	*	*	*	 	 	 	0.0369047469282546	0	
platelets	0.00634194800512051	-0.0121481264700209	-0.0135875888690962	0.0121572021905135	-0.0178395653230926	-0.0131900257174279	 	 	 	 	 	 	-0.11987842191403	0	
monocytes	-0.0191645541677211	0.00814185078806899	0.0042266183610615	-0.0220196021019732	0.0825988981332968	0.079234413736742	 	 	 	 	 	 	0.15571256225807	0	
immature granulocytes	0.0686193423202048	0.139557540941454	-0.141967764441324	0.276564994402646	0.125158556294176	0.137577959988442	 	 	 	 	 	 	0.0685872054432295	0	
CRP	0.0119498499962236	0.114316436003634	-0.0278411008448045	0.0671450503018715	0.0612434598796324	0.137729876396119	 	 	 	 	 	 	-0.040960794639776	0	
FVC (% pred)	NA	NA	-0.0337854412744943	NA	NA	-0.0103796668261759	 	 	**	 	 	 	-0.116974978010677	0	
FEV1 (% pred)	NA	NA	-0.032267145334016	NA	NA	0.0121295098933412	 	 	*	 	 	 	-0.0953751188154691	0	
FEV1/FVC (pred)	NA	NA	0.0106867304406103	NA	NA	0.0232711009520851	 	 	 	 	 	 	-0.0409955255964666	0	
relative power (60% peak HR)	NA	NA	-0.120076258899125	NA	NA	-0.13849338129881	 	 	 	 	 	 	-0.154437981539235	0	
relative power (80% peak HR)	NA	NA	-0.0556383164486371	NA	NA	0.0038996996858284	 	 	 	 	 	 	-0.161177906170166	0	
relative power (peak HR)	NA	NA	-0.042411671912497	NA	NA	-0.0501769953210069	 	 	 	 	 	 	-0.254672186884114	0	
VO2peak	NA	NA	-0.0228157107266446	NA	NA	-0.0221581317053712	 	 	 	 	 	 	-0.254062297965815	0	
peak HR	NA	NA	0.0244933517424459	NA	NA	0.0269372523065636	 	 	*	 	 	 	-0.195423393194341	0	
HbA1c	NA	NA	0.00608477980187964	NA	NA	-0.00602109363510238	 	 	 	 	 	 	0.252880275013711	0	
cholesterol	NA	NA	0.0261103287608858	NA	NA	-0.0904850699939858	 	 	 	 	 	 	0.0751503017422505	0	
HDL	NA	NA	0.00644060044937064	NA	NA	-0.00948023593509592	 	 	 	 	 	 	-0.199816996530565	0	
LDL	NA	NA	0.0239978633581264	NA	NA	-0.139121774739266	 	 	 	 	 	*	0.0433096617242256	0	←
non-HDL	NA	NA	0.0324270039112403	NA	NA	-0.121140493936368	 	 	 	 	 	*	0.142185050199844	0	←
triglycerides	NA	NA	-0.0803319425228292	NA	NA	-0.229909733679283	 	 	 	 	 	 	0.238174056973604	0	
urea	NA	NA	0.00677392364518515	NA	NA	0.0346671971321892	 	 	 	 	 	 	0.41267216747195	1	
creatinine	NA	NA	-0.00285087738388992	NA	NA	-0.0116065454101733	 	 	 	 	 	 	-0.0669780233007966	0	
total protein	NA	NA	0.00771191569204208	NA	NA	0.00185172439669322	 	 	 	 	 	 	-0.210455240307417	0	
bilirubin	NA	NA	0.0571799414300957	NA	NA	0.0213899518580392	 	 	 	 	 	 	-0.116859936012344	0	
uric acid	NA	NA	0.0159018249657623	NA	NA	-0.052566945361521	 	 	 	 	 	 	-0.0941315945465323	0	
ASAT	NA	NA	-0.0653440135416024	NA	NA	0.0430826126815218	 	 	 	 	 	 	0.126246071709163	0	
ALAT	NA	NA	-0.11200439672896	NA	NA	0.146563608568656	 	 	 	 	 	 	0.157757391812369	0	
GGT	NA	NA	-0.0444651030570877	NA	NA	-0.0322105380423661	 	 	*	 	 	 	0.191449754608616	0	
CK	NA	NA	-0.112676933941077	NA	NA	-0.150484356430232	 	 	*	 	 	 	0.273939186872621	0	
ALP	NA	NA	-0.0168565634953589	NA	NA	0.0219982955018042	 	 	 	 	 	 	0.223675076506997	0	
LDH	NA	NA	-0.0461759522988841	NA	NA	0.0106332344888167	 	 	 	 	 	 	0.239303280710317	0	
iron	NA	NA	0.0285854892305361	NA	NA	0.0767081448849014	 	 	 	 	 	 	0.0315399697749057	0	
transferrin	NA	NA	-0.00985663715620247	NA	NA	-0.00231441119006779	 	 	 	 	 	 	-0.0486773926150891	0	
ferritin	NA	NA	0.00397767872793785	NA	NA	0.0246179032320612	 	 	 	 	 	 	0.231355637748582	0	
transferrin saturation	NA	NA	0.0410805978576165	NA	NA	0.0541510495800151	 	 	 	 	 	 	0.0480371916329025	0	
sedimentation rate	NA	NA	0.0652432287196607	NA	NA	-0.00852336790379972	 	 	 	 	 	 	0.127698507525475	0	
platelet volume	NA	NA	-0.012336182273722	NA	NA	0.00166333418216279	 	 	 	 	 	 	0.066256357524741	0	
segmented neutrophils	NA	NA	-0.0306393865846784	NA	NA	-0.005090054952214	 	 	 	 	 	 	-0.180091484874945	0	
lymphocytes	NA	NA	-0.0543000076011737	NA	NA	-0.0314539186674637	 	 	 	 	 	 	0.177216294260106	0	
vitamin B9	NA	NA	0.0623010086321592	NA	NA	-0.166722583462724	 	 	 	 	 	 	-0.170159932907548	0	
vitamin B12	NA	NA	0.0479312690461477	NA	NA	0.0312497113822843	 	 	 	 	 	 	0.18533525469141	0	
TSH	NA	NA	0.00960230848415241	NA	NA	-0.112621043922271	 	 	 	 	 	 	0.000479156684690332	0	
weight	0.00798580836391141	0.0207093549196036	0.012182252043263	0.00763444905981791	0.012267128195032	0.034624743563592	 	***	 	 	 	**	-0.0928468935452236	0	←
BMI	0.00634638445804546	0.0177729357486404	0.00965059060499488	0.0129240908791143	0.0156807581049008	0.0306387167704282	 	**	 	 	 	*	-0.0341963453949502	0	←
subcutaneous fat	NA	NA	0.0692839315605634	NA	NA	0.0646084967905382	 	 	 	 	 	 	-0.159926806190291	0	
visceral fat	NA	NA	0.119976672281289	NA	NA	-0.128323581504866	 	 	*	 	 	 	0.161073847529759	0	
intima media thickness	NA	NA	0.0588046045527772	NA	NA	-0.00346927235966288	 	 	 	 	 	 	0.359227342361597	1	
pulse wave velocity	NA	NA	0.0381169131866572	NA	NA	-0.0129983027784718	 	 	 	 	 	 	0.436721141325985	1	
systolic BP	NA	NA	-0.0371043166519253	NA	NA	-0.00470728013376989	 	 	 	 	 	 	0.404816171331403	1	
diastolic BP	NA	NA	-0.0400448214543825	NA	NA	0.0106879646477631	 	 	*	 	 	 	0.405691326979903	1	
